# Blender 5.1.1
# www.blender.org
mtllib ion_jet.mtl
o Base
v 0.052703 0.387365 0.953248
v 0.052703 0.387365 0.053248
v 0.952703 0.552532 0.847103
v 0.952703 0.552532 0.433207
v 0.546395 0.916266 0.902966
v 0.546395 0.322775 0.878376
v 0.538067 0.914719 0.940298
v 0.538067 0.321228 0.915708
v 0.467338 0.916995 0.885360
v 0.467338 0.323504 0.860771
v 0.459011 0.915449 0.922692
v 0.459011 0.321958 0.898103
v 0.068568 0.387365 0.069114
v 0.936837 0.387365 0.069114
v 0.305369 1.000034 0.700581
v 0.305369 1.000034 0.305914
v 0.952703 0.878043 0.433207
v 0.952703 0.878043 0.847103
v 0.700036 1.000034 0.305914
v 0.952703 0.387365 0.053248
v 0.952703 0.387365 0.953248
v 0.700036 1.000034 0.700581
v 0.052703 1.000034 0.953248
v 0.052703 1.000034 0.053248
v 0.952703 1.000034 0.053248
v 0.952703 1.000034 0.953248
v 0.305369 0.923721 0.700581
v 0.305369 0.923721 0.305914
v 0.700036 0.923721 0.305914
v 0.700036 0.923721 0.700581
v 0.936837 0.387365 0.937382
v 0.878630 0.022893 0.879175
v 0.126775 0.022893 0.879175
v 0.068568 0.387365 0.937382
v 0.126775 0.022893 0.127320
v 0.878630 0.022893 0.127321
v 0.414239 0.916266 0.895495
v 0.422223 0.322775 0.872238
v 0.394241 0.914719 0.928100
v 0.402225 0.321228 0.904843
v 0.345183 0.916995 0.853174
v 0.353167 0.323504 0.829917
v 0.325185 0.915449 0.885779
v 0.333169 0.321958 0.862522
v 0.291670 0.916266 0.845518
v 0.306773 0.322775 0.826113
v 0.262169 0.914719 0.869863
v 0.277272 0.321228 0.850458
v 0.240097 0.916995 0.783067
v 0.255200 0.323504 0.763663
v 0.210596 0.915449 0.807412
v 0.225699 0.321958 0.788008
v 0.191970 0.916266 0.758450
v 0.212555 0.322775 0.745001
v 0.156162 0.914719 0.771897
v 0.176747 0.321228 0.758448
v 0.163469 0.916995 0.682638
v 0.184054 0.323504 0.669189
v 0.127661 0.915449 0.696085
v 0.148246 0.321958 0.682636
v 0.125942 0.916266 0.643728
v 0.149779 0.322775 0.637692
v 0.087708 0.914719 0.644820
v 0.111545 0.321228 0.638783
v 0.123601 0.916995 0.562769
v 0.147438 0.323504 0.556733
v 0.085367 0.915449 0.563861
v 0.109204 0.321958 0.557824
v 0.100742 0.916266 0.513782
v 0.125248 0.322775 0.515813
v 0.064225 0.914719 0.502400
v 0.088731 0.321228 0.504431
v 0.124816 0.916995 0.436450
v 0.149321 0.323504 0.438480
v 0.088299 0.915449 0.425068
v 0.112804 0.321958 0.427098
v 0.119101 0.916266 0.382695
v 0.141619 0.322775 0.392573
v 0.088258 0.914719 0.360073
v 0.110777 0.321228 0.369950
v 0.166980 0.916995 0.317370
v 0.189498 0.323504 0.327247
v 0.136137 0.915449 0.294747
v 0.158656 0.321958 0.304625
v 0.179029 0.916266 0.264672
v 0.197120 0.322775 0.281326
v 0.157203 0.914719 0.233261
v 0.175294 0.321228 0.249915
v 0.245525 0.916995 0.218432
v 0.263616 0.323504 0.235086
v 0.223699 0.915449 0.187021
v 0.241790 0.321958 0.203675
v 0.274032 0.916266 0.172502
v 0.285735 0.322775 0.194128
v 0.263588 0.914719 0.135706
v 0.275291 0.321228 0.157332
v 0.351939 0.916995 0.150359
v 0.363642 0.323504 0.171984
v 0.341495 0.915449 0.113563
v 0.353198 0.321958 0.135188
v 0.393815 0.916266 0.116173
v 0.397862 0.322775 0.140427
v 0.395885 0.914719 0.077980
v 0.399932 0.321228 0.102234
v 0.474691 0.916995 0.120526
v 0.478738 0.323504 0.144780
v 0.476760 0.915449 0.082333
v 0.480808 0.321958 0.106587
v 0.525398 0.916266 0.101790
v 0.521351 0.322775 0.126044
v 0.539757 0.914719 0.066338
v 0.535709 0.321228 0.090592
v 0.600478 0.916995 0.132168
v 0.596431 0.323504 0.156422
v 0.614837 0.915449 0.096716
v 0.610790 0.321958 0.120970
v 0.654521 0.916266 0.130912
v 0.642818 0.322775 0.152537
v 0.679613 0.914719 0.102043
v 0.667910 0.321228 0.123668
v 0.715670 0.916995 0.184022
v 0.703967 0.323504 0.205647
v 0.740762 0.915449 0.155153
v 0.729059 0.321958 0.176778
v 0.767193 0.916266 0.200381
v 0.749102 0.322775 0.217035
v 0.800299 0.914719 0.181224
v 0.782208 0.321228 0.197878
v 0.807783 0.916995 0.270469
v 0.789692 0.323504 0.287122
v 0.840890 0.915449 0.251311
v 0.822799 0.321958 0.267965
v 0.851202 0.916266 0.302671
v 0.828684 0.322775 0.312549
v 0.888735 0.914719 0.295301
v 0.866217 0.321228 0.305179
v 0.866837 0.916995 0.382141
v 0.844318 0.323504 0.392018
v 0.904370 0.915449 0.374771
v 0.881851 0.321958 0.384649
v 0.897447 0.916266 0.426697
v 0.872942 0.322775 0.428727
v 0.935339 0.914719 0.431913
v 0.910834 0.321228 0.433944
v 0.886430 0.916995 0.506937
v 0.861925 0.323504 0.508967
v 0.924322 0.915449 0.512153
v 0.899817 0.321958 0.514184
v 0.900915 0.916266 0.559018
v 0.877078 0.322775 0.552982
v 0.935060 0.914719 0.576255
v 0.911223 0.321228 0.570219
v 0.864441 0.916995 0.631333
v 0.840604 0.323504 0.625297
v 0.898586 0.915449 0.648571
v 0.874749 0.321958 0.642534
v 0.861230 0.916266 0.685295
v 0.840645 0.322775 0.671846
v 0.887928 0.914719 0.712686
v 0.867343 0.321228 0.699237
v 0.803252 0.916995 0.741850
v 0.782666 0.323504 0.728400
v 0.829950 0.915449 0.769240
v 0.809365 0.321958 0.755791
v 0.782694 0.916266 0.791845
v 0.767590 0.322775 0.772441
v 0.799052 0.914719 0.826420
v 0.783948 0.321228 0.807016
v 0.709493 0.916995 0.826510
v 0.694390 0.323504 0.807105
v 0.725852 0.915449 0.861085
v 0.710748 0.321958 0.841680
v 0.673815 0.916266 0.867121
v 0.665831 0.322775 0.843864
v 0.678061 0.914719 0.905134
v 0.670076 0.321228 0.881877
v 0.593326 0.916995 0.876139
v 0.585342 0.323504 0.852882
v 0.597571 0.915449 0.914153
v 0.589587 0.321958 0.890896
vn -1.0000 -0.0000 -0.0000
vn -0.0000 -0.0000 -1.0000
vn -0.0000 -0.0000 1.0000
vn -0.0000 -1.0000 -0.0000
vn -0.0000 -0.9991 -0.0414
vn 0.2175 0.0404 -0.9752
vn -0.9761 0.0090 -0.2174
vn -0.2175 -0.0404 0.9752
vn -0.0000 0.9991 0.0414
vn 0.9761 -0.0090 0.2174
vn -0.0000 -0.1577 -0.9875
vn 1.0000 -0.0000 -0.0000
vn -0.0000 1.0000 -0.0000
vn 0.9875 -0.1577 -0.0000
vn -0.0000 -0.1577 0.9875
vn -0.9875 -0.1577 -0.0000
vn 0.0134 -0.9991 -0.0392
vn 0.5224 0.0404 -0.8517
vn -0.8526 0.0090 -0.5225
vn -0.5224 -0.0404 0.8517
vn -0.0134 0.9991 0.0392
vn 0.8526 -0.0090 0.5225
vn 0.0254 -0.9991 -0.0327
vn 0.7707 0.0404 -0.6360
vn -0.6367 0.0090 -0.7710
vn -0.7707 -0.0404 0.6360
vn -0.0254 0.9991 0.0327
vn 0.6367 -0.0090 0.7710
vn 0.0347 -0.9991 -0.0226
vn 0.9354 0.0404 -0.3513
vn -0.3519 0.0090 -0.9360
vn -0.9354 -0.0404 0.3513
vn -0.0347 0.9991 0.0226
vn 0.3519 -0.0090 0.9360
vn 0.0401 -0.9991 -0.0102
vn 0.9988 0.0404 -0.0285
vn -0.0289 0.0090 -0.9995
vn -0.9988 -0.0404 0.0285
vn -0.0401 0.9991 0.0102
vn 0.0289 -0.0090 0.9995
vn 0.0413 -0.9991 0.0034
vn 0.9539 0.0404 0.2973
vn 0.2972 0.0090 -0.9548
vn -0.9539 -0.0404 -0.2973
vn -0.0413 0.9991 -0.0034
vn -0.2972 -0.0090 0.9548
vn 0.0379 -0.9991 0.0166
vn 0.8057 0.0404 0.5910
vn 0.5911 0.0090 -0.8065
vn -0.8057 -0.0404 -0.5910
vn -0.0379 0.9991 -0.0166
vn -0.5911 -0.0090 0.8065
vn 0.0305 -0.9991 0.0280
vn 0.5701 0.0404 0.8205
vn 0.8210 0.0090 -0.5709
vn -0.5701 -0.0404 -0.8205
vn -0.0305 0.9991 -0.0280
vn -0.8210 -0.0090 0.5709
vn 0.0197 -0.9991 0.0364
vn 0.2728 0.0404 0.9612
vn 0.9619 0.0090 -0.2734
vn -0.2728 -0.0404 -0.9612
vn -0.0197 0.9991 -0.0364
vn -0.9619 -0.0090 0.2734
vn 0.0068 -0.9991 0.0408
vn -0.0541 0.0404 0.9977
vn 0.9985 0.0090 0.0537
vn 0.0541 -0.0404 -0.9977
vn -0.0068 0.9991 -0.0408
vn -0.9985 -0.0090 -0.0537
vn -0.0068 -0.9991 0.0408
vn -0.3751 0.0404 0.9261
vn 0.9270 0.0090 0.3750
vn 0.3751 -0.0404 -0.9261
vn 0.0068 0.9991 -0.0408
vn -0.9270 -0.0090 -0.3750
vn -0.0197 -0.9991 0.0364
vn -0.6555 0.0404 0.7541
vn 0.7550 0.0090 0.6557
vn 0.6555 -0.0404 -0.7541
vn 0.0197 0.9991 -0.0364
vn -0.7550 -0.0090 -0.6557
vn -0.0305 -0.9991 0.0280
vn -0.8648 0.0404 0.5004
vn 0.5011 0.0090 0.8653
vn 0.8648 -0.0404 -0.5004
vn 0.0305 0.9991 -0.0280
vn -0.5011 -0.0090 -0.8653
vn -0.0379 -0.9991 0.0166
vn -0.9805 0.0404 0.1925
vn 0.1930 0.0090 0.9812
vn 0.9805 -0.0404 -0.1925
vn 0.0379 0.9991 -0.0166
vn -0.1930 -0.0090 -0.9812
vn -0.0413 -0.9991 0.0034
vn -0.9898 0.0404 -0.1363
vn -0.1360 0.0090 0.9907
vn 0.9898 -0.0404 0.1363
vn 0.0413 0.9991 -0.0034
vn 0.1360 -0.0090 -0.9907
vn -0.0401 -0.9991 -0.0102
vn -0.8920 0.0404 -0.4503
vn -0.4503 0.0090 0.8928
vn 0.8920 -0.0404 0.4503
vn 0.0401 0.9991 0.0102
vn 0.4503 -0.0090 -0.8928
vn -0.0347 -0.9991 -0.0226
vn -0.6974 0.0404 -0.7155
vn -0.7158 0.0090 0.6982
vn 0.6974 -0.0404 0.7155
vn 0.0347 0.9991 0.0226
vn 0.7158 -0.0090 -0.6982
vn -0.0254 -0.9991 -0.0327
vn -0.4273 0.0404 -0.9032
vn -0.9037 0.0090 0.4280
vn 0.4273 -0.0404 0.9032
vn 0.0254 0.9991 0.0327
vn 0.9037 -0.0090 -0.4280
vn -0.0134 -0.9991 -0.0392
vn -0.1109 0.0404 -0.9930
vn -0.9937 0.0090 0.1113
vn 0.1109 -0.0404 0.9930
vn 0.0134 0.9991 0.0392
vn 0.9937 -0.0090 -0.1113
vt 0.563503 0.749410
vt 0.563503 0.499410
vt 0.907253 0.499410
vt 0.907253 0.749410
vt 0.624759 0.781258
vt 0.624759 1.000111
vt 0.312590 1.000111
vt 0.312590 0.781258
vt 0.624754 0.781265
vt 0.624754 1.000119
vt 0.312585 1.000119
vt 0.312585 0.781265
vt 0.969907 0.906982
vt 0.999012 0.906982
vt 0.988417 0.917577
vt 0.980502 0.917577
vt 0.968794 0.999920
vt 0.968794 0.937693
vt 0.999770 0.937693
vt 0.999770 0.999920
vt 0.999655 0.750701
vt 0.999655 0.874343
vt 0.937639 0.874343
vt 0.937639 0.750701
vt 0.937746 0.999321
vt 0.937746 0.875639
vt 0.968667 0.875639
vt 0.968667 0.999321
vt 0.999653 0.750701
vt 0.999653 0.874343
vt 0.937638 0.874343
vt 0.937638 0.750701
vt 0.968791 0.999918
vt 0.968791 0.937691
vt 0.999767 0.937691
vt 0.999767 0.999918
vt 0.937717 0.999329
vt 0.937717 0.875647
vt 0.968637 0.875647
vt 0.968637 0.999329
vt 0.969907 0.936087
vt 0.980502 0.925492
vt 0.999012 0.936087
vt 0.988417 0.925492
vt 0.312074 0.998696
vt 0.000873 0.998696
vt 0.000181 0.875542
vt 0.311769 0.875542
vt 0.469227 0.781002
vt 0.469227 0.468980
vt 0.531052 0.468980
vt 0.531052 0.781002
vt 0.776002 0.418561
vt 0.776002 0.285545
vt 0.931267 0.218051
vt 0.931267 0.468411
vt 0.606868 0.285545
vt 0.563493 0.218051
vt 0.606868 0.418561
vt 0.563493 0.468411
vt 0.221826 0.532431
vt 0.221826 0.683065
vt 0.125223 0.780689
vt 0.125223 0.437883
vt 0.372460 0.683065
vt 0.468350 0.780689
vt 0.372460 0.532431
vt 0.468350 0.437883
vt 0.469221 0.781002
vt 0.469221 0.468980
vt 0.531047 0.468980
vt 0.531047 0.781002
vt 0.469246 0.781002
vt 0.469246 0.468980
vt 0.531072 0.468980
vt 0.531072 0.781002
vt 0.468934 0.781002
vt 0.468934 0.468980
vt 0.530760 0.468980
vt 0.530760 0.781002
s 1
usemtl Material
f 1/1/1 23/2/1 24/3/1 2/4/1
f 2/5/2 24/6/2 25/7/2 20/8/2
f 21/9/3 26/10/3 23/11/3 1/12/3
f 2/13/4 20/14/4 14/15/4 13/16/4
f 10/17/5 6/18/5 8/19/5 12/20/5
f 10/21/6 9/22/6 5/23/6 6/24/6
f 12/25/7 11/26/7 9/27/7 10/28/7
f 8/29/8 7/30/8 11/31/8 12/32/8
f 5/33/9 9/34/9 11/35/9 7/36/9
f 6/37/10 5/38/10 7/39/10 8/40/10
f 1/41/4 2/13/4 13/16/4 34/42/4
f 20/14/4 21/43/4 31/44/4 14/15/4
f 21/43/4 1/41/4 34/42/4 31/44/4
f 13/45/11 14/46/11 36/47/11 35/48/11
f 16/49/12 15/50/12 27/51/12 28/52/12
f 17/53/12 4/54/12 20/55/12 25/56/12
f 4/54/12 3/57/12 21/58/12 20/55/12
f 18/59/12 17/53/12 25/56/12 26/60/12
f 3/57/12 18/59/12 26/60/12 21/58/12
f 15/61/13 16/62/13 24/63/13 23/64/13
f 16/62/13 19/65/13 25/66/13 24/63/13
f 19/65/13 22/67/13 26/68/13 25/66/13
f 22/67/13 15/61/13 23/64/13 26/68/13
f 15/69/2 22/70/2 30/71/2 27/72/2
f 19/73/3 16/74/3 28/75/3 29/76/3
f 22/77/1 19/78/1 29/79/1 30/80/1
f 14/45/14 31/46/14 32/47/14 36/48/14
f 31/45/15 34/46/15 33/47/15 32/48/15
f 34/45/16 13/46/16 35/47/16 33/48/16
f 42/17/17 38/18/17 40/19/17 44/20/17
f 42/21/18 41/22/18 37/23/18 38/24/18
f 44/25/19 43/26/19 41/27/19 42/28/19
f 40/29/20 39/30/20 43/31/20 44/32/20
f 37/33/21 41/34/21 43/35/21 39/36/21
f 38/37/22 37/38/22 39/39/22 40/40/22
f 50/17/23 46/18/23 48/19/23 52/20/23
f 50/21/24 49/22/24 45/23/24 46/24/24
f 52/25/25 51/26/25 49/27/25 50/28/25
f 48/29/26 47/30/26 51/31/26 52/32/26
f 45/33/27 49/34/27 51/35/27 47/36/27
f 46/37/28 45/38/28 47/39/28 48/40/28
f 58/17/29 54/18/29 56/19/29 60/20/29
f 58/21/30 57/22/30 53/23/30 54/24/30
f 60/25/31 59/26/31 57/27/31 58/28/31
f 56/29/32 55/30/32 59/31/32 60/32/32
f 53/33/33 57/34/33 59/35/33 55/36/33
f 54/37/34 53/38/34 55/39/34 56/40/34
f 66/17/35 62/18/35 64/19/35 68/20/35
f 66/21/36 65/22/36 61/23/36 62/24/36
f 68/25/37 67/26/37 65/27/37 66/28/37
f 64/29/38 63/30/38 67/31/38 68/32/38
f 61/33/39 65/34/39 67/35/39 63/36/39
f 62/37/40 61/38/40 63/39/40 64/40/40
f 74/17/41 70/18/41 72/19/41 76/20/41
f 74/21/42 73/22/42 69/23/42 70/24/42
f 76/25/43 75/26/43 73/27/43 74/28/43
f 72/29/44 71/30/44 75/31/44 76/32/44
f 69/33/45 73/34/45 75/35/45 71/36/45
f 70/37/46 69/38/46 71/39/46 72/40/46
f 82/17/47 78/18/47 80/19/47 84/20/47
f 82/21/48 81/22/48 77/23/48 78/24/48
f 84/25/49 83/26/49 81/27/49 82/28/49
f 80/29/50 79/30/50 83/31/50 84/32/50
f 77/33/51 81/34/51 83/35/51 79/36/51
f 78/37/52 77/38/52 79/39/52 80/40/52
f 90/17/53 86/18/53 88/19/53 92/20/53
f 90/21/54 89/22/54 85/23/54 86/24/54
f 92/25/55 91/26/55 89/27/55 90/28/55
f 88/29/56 87/30/56 91/31/56 92/32/56
f 85/33/57 89/34/57 91/35/57 87/36/57
f 86/37/58 85/38/58 87/39/58 88/40/58
f 98/17/59 94/18/59 96/19/59 100/20/59
f 98/21/60 97/22/60 93/23/60 94/24/60
f 100/25/61 99/26/61 97/27/61 98/28/61
f 96/29/62 95/30/62 99/31/62 100/32/62
f 93/33/63 97/34/63 99/35/63 95/36/63
f 94/37/64 93/38/64 95/39/64 96/40/64
f 106/17/65 102/18/65 104/19/65 108/20/65
f 106/21/66 105/22/66 101/23/66 102/24/66
f 108/25/67 107/26/67 105/27/67 106/28/67
f 104/29/68 103/30/68 107/31/68 108/32/68
f 101/33/69 105/34/69 107/35/69 103/36/69
f 102/37/70 101/38/70 103/39/70 104/40/70
f 114/17/71 110/18/71 112/19/71 116/20/71
f 114/21/72 113/22/72 109/23/72 110/24/72
f 116/25/73 115/26/73 113/27/73 114/28/73
f 112/29/74 111/30/74 115/31/74 116/32/74
f 109/33/75 113/34/75 115/35/75 111/36/75
f 110/37/76 109/38/76 111/39/76 112/40/76
f 122/17/77 118/18/77 120/19/77 124/20/77
f 122/21/78 121/22/78 117/23/78 118/24/78
f 124/25/79 123/26/79 121/27/79 122/28/79
f 120/29/80 119/30/80 123/31/80 124/32/80
f 117/33/81 121/34/81 123/35/81 119/36/81
f 118/37/82 117/38/82 119/39/82 120/40/82
f 130/17/83 126/18/83 128/19/83 132/20/83
f 130/21/84 129/22/84 125/23/84 126/24/84
f 132/25/85 131/26/85 129/27/85 130/28/85
f 128/29/86 127/30/86 131/31/86 132/32/86
f 125/33/87 129/34/87 131/35/87 127/36/87
f 126/37/88 125/38/88 127/39/88 128/40/88
f 138/17/89 134/18/89 136/19/89 140/20/89
f 138/21/90 137/22/90 133/23/90 134/24/90
f 140/25/91 139/26/91 137/27/91 138/28/91
f 136/29/92 135/30/92 139/31/92 140/32/92
f 133/33/93 137/34/93 139/35/93 135/36/93
f 134/37/94 133/38/94 135/39/94 136/40/94
f 146/17/95 142/18/95 144/19/95 148/20/95
f 146/21/96 145/22/96 141/23/96 142/24/96
f 148/25/97 147/26/97 145/27/97 146/28/97
f 144/29/98 143/30/98 147/31/98 148/32/98
f 141/33/99 145/34/99 147/35/99 143/36/99
f 142/37/100 141/38/100 143/39/100 144/40/100
f 154/17/101 150/18/101 152/19/101 156/20/101
f 154/21/102 153/22/102 149/23/102 150/24/102
f 156/25/103 155/26/103 153/27/103 154/28/103
f 152/29/104 151/30/104 155/31/104 156/32/104
f 149/33/105 153/34/105 155/35/105 151/36/105
f 150/37/106 149/38/106 151/39/106 152/40/106
f 162/17/107 158/18/107 160/19/107 164/20/107
f 162/21/108 161/22/108 157/23/108 158/24/108
f 164/25/109 163/26/109 161/27/109 162/28/109
f 160/29/110 159/30/110 163/31/110 164/32/110
f 157/33/111 161/34/111 163/35/111 159/36/111
f 158/37/112 157/38/112 159/39/112 160/40/112
f 170/17/113 166/18/113 168/19/113 172/20/113
f 170/21/114 169/22/114 165/23/114 166/24/114
f 172/25/115 171/26/115 169/27/115 170/28/115
f 168/29/116 167/30/116 171/31/116 172/32/116
f 165/33/117 169/34/117 171/35/117 167/36/117
f 166/37/118 165/38/118 167/39/118 168/40/118
f 178/17/119 174/18/119 176/19/119 180/20/119
f 178/21/120 177/22/120 173/23/120 174/24/120
f 180/25/121 179/26/121 177/27/121 178/28/121
f 176/29/122 175/30/122 179/31/122 180/32/122
f 173/33/123 177/34/123 179/35/123 175/36/123
f 174/37/124 173/38/124 175/39/124 176/40/124
